Aligned Index	Residue Index	Ref AA	RMSDs per residue	PCA fluctuations
0	0	S	0.03651627650000915	0.007473736928330706
1	1	G	0.024899151978595983	0.002259568902517917
2	2	F	0.024546238617936023	0.007735696441609945
3	3	R	0.017242891015181557	0.005625694888929616
4	4	K	0.014352034189991966	0.003837857059960304
5	5	M	0.010952929549739612	0.004011096382662647
6	6	A	0.01035627114133984	0.004170388881777183
7	7	F	0.010549421606240592	0.0031339919343056923
8	8	P	0.015406720181798592	0.006751609564844179
9	9	S	0.018817215457379296	0.0068109248287004645
10	10	G	0.015405217381987552	0.006015222495043114
11	11	K	0.013079070717624793	0.00667164695205741
12	12	V	0.011224267487705915	0.005861480346542423
13	13	E	0.011762885569064536	0.0064127077756103885
14	14	G	0.021660927149296464	0.013149563249247726
15	15	C	0.020336557213533744	0.01289421358609784
16	16	M	0.011323434347575618	0.005356825096860838
17	17	V	0.011083169795149605	0.005531581279062985
18	18	Q	0.01315743528671238	0.00609581753035837
19	19	V	0.018420989833849977	0.012402677042778127
20	20	T	0.026034578173176726	0.014850861211737872
21	21	C	0.044324381920549834	0.021962985434352895
22	22	G	0.0829974101795282	0.021250909174340308
23	23	T	0.14251328162269708	0.021764313388517698
24	24	T	0.11763066154485287	0.026730956867444516
25	25	T	0.03710477019341593	0.01675762212707074
26	26	L	0.01761661248418184	0.009481534807274088
27	27	N	0.010654456513890647	0.004837192328433151
28	28	G	0.008804788754628957	0.003515252621561537
29	29	L	0.011091579920627951	0.008007834242181332
30	30	W	0.01267187847860773	0.009074661858857871
31	31	L	0.017426087933971355	0.01300896943788263
32	32	D	0.02263276813089276	0.014342280492600256
33	33	D	0.018836217954150823	0.012240875941819841
34	34	V	0.014509342129430872	0.010531646372817111
35	35	V	0.01186797421563982	0.008408508838266528
36	36	Y	0.010357097161330962	0.0062240068038329315
37	37	C	0.009188972712507529	0.0038644374109195394
38	38	P	0.011136978420232552	0.004898379347618318
39	39	R	0.013501736331987733	0.004140542374658992
40	40	H	0.022477320101606534	0.008869841212366093
41	41	V	0.023037222522881727	0.010224921148272241
42	42	I	0.026053181568343173	0.012141061713496907
43	43	C	0.058596718553636365	0.0329441405814927
44	44	T	0.2686186695233159	0.171427515855134
45	45	S	1.0018456867802177	0.6107458008281942
46	46	E	0.5320171365693497	0.2896486417546652
47	47	D	0.17603223458273978	0.09299954209490716
48	48	M	0.2341566956828159	0.15469991734738847
49	49	L	0.15660478589914187	0.11565402318082985
50	50	N	0.1260433378929328	0.09005286817826066
51	51	P	0.07241107533622931	0.05155113884602934
52	52	N	0.06408270737447168	0.04234967631280828
53	53	Y	0.03311847855826924	0.01994535056620293
54	54	E	0.04335302561264995	0.02561666606547959
55	55	D	0.06400905333969269	0.042769360229378175
56	56	L	0.0614021174825067	0.044709495252904546
57	57	L	0.0603961160892865	0.04121214162436837
58	58	I	0.1085099954974501	0.08051618191869443
59	59	R	0.13201041375071587	0.0988567976735185
60	60	K	0.07083211211096058	0.05337465591303324
61	61	S	0.07106850618705889	0.046226873357064595
62	62	N	0.05819801270700923	0.042884821239563824
63	63	H	0.061301537776780164	0.04580658162825087
64	64	N	0.05508846663087264	0.040742312025427316
65	65	F	0.05065364271533202	0.04178658964242918
66	66	L	0.04058773257785154	0.032516861253760895
67	67	V	0.022192434518020415	0.016263887054006925
68	68	Q	0.01598834078398564	0.009071784939132013
69	69	A	0.02272196430490979	0.011599034579546568
70	70	G	0.07109337900582784	0.03778100512530561
71	71	N	0.09795711964255989	0.05275074881629512
72	72	V	0.06903909171990115	0.038572682354755236
73	73	Q	0.030497697095883257	0.017288501697755497
74	74	L	0.023539956693239154	0.013414915115161625
75	75	R	0.04168889273327469	0.027769134971956558
76	76	V	0.0252352672041487	0.014889504546002064
77	77	I	0.03139976276786122	0.018568505825023264
78	78	G	0.03141673498466776	0.015782753368446
79	79	H	0.03051600057360825	0.01848221178078787
80	80	S	0.023727437787759136	0.009637051694658484
81	81	M	0.016611684752590145	0.009209352311433442
82	82	Q	0.02000686553530546	0.007728322668644851
83	83	N	0.016841534985132807	0.008642801490751376
84	84	C	0.009578797598271249	0.0032418180256222136
85	85	V	0.011069659605725488	0.00179271152503475
86	86	L	0.009837481725102156	0.0033615962020055036
87	87	K	0.016076497045797847	0.01086470303570578
88	88	L	0.01627011755411948	0.011388483789125051
89	89	K	0.020194597120485814	0.013727627459282278
90	90	V	0.022541336581073088	0.015228134385563188
91	91	D	0.03802048911230109	0.023792789585706364
92	92	T	0.02949444626501363	0.018039172392677803
93	93	A	0.027566139099997125	0.018064874514951514
94	94	N	0.02170513258193174	0.015494093588464208
95	95	P	0.01898722567768602	0.009001642774883502
96	96	K	0.023676819843543792	0.009879969497660245
97	97	T	0.01685893272290657	0.00864155234849915
98	98	P	0.022000340324501284	0.011807167906058257
99	99	K	0.01750245742091872	0.007424558708783422
100	100	Y	0.013717398467090778	0.0044211398802756555
101	101	K	0.01677256348973061	0.009534113265378048
102	102	F	0.010937817959106687	0.004629241867564261
103	103	V	0.012641944324630542	0.005943561266154959
104	104	R	0.014080303816783596	0.005868536508097596
105	105	I	0.01760159832877037	0.007967948407611076
106	106	Q	0.02888357647369081	0.014850503742407957
107	107	P	0.022494964041577446	0.00970496640081804
108	108	G	0.02223393711290169	0.01199516182084747
109	109	Q	0.018971863299368768	0.011693333329846333
110	110	T	0.013596201385353106	0.006640493526762536
111	111	F	0.008180088808486486	0.004005764800837759
112	112	S	0.007825822558623307	0.0024838874181249354
113	113	V	0.005588584728797305	0.0020038722915833736
114	114	L	0.005261844127122904	0.0012491763621368859
115	115	A	0.008034815861038352	0.0018697889544358132
116	116	C	0.0087747978282722	0.0013951684974798154
117	117	Y	0.011187124402323542	0.002566127053639626
118	118	N	0.015229269864021821	0.004009327550628027
119	119	G	0.02230823971802792	0.009247813657823255
120	120	S	0.015017307833823502	0.005579280005295903
121	121	P	0.02145491661274225	0.006070320984097264
122	122	S	0.025445167798615286	0.009624129023644293
123	123	G	0.012307994239881834	0.0037089721749104846
124	124	V	0.008497571889705303	0.0034041421750881096
125	125	Y	0.014380040796084737	0.007743541460723359
126	126	Q	0.019377915803522897	0.0067003307553883855
127	127	C	0.060985673658130186	0.012078217630073237
128	128	A	0.025401935705730287	0.01165705535059235
129	129	M	0.024791468829959595	0.016381491508164255
130	130	R	0.020671001615472827	0.013976208413273971
131	131	P	0.021587275056127658	0.010500550597897134
132	132	N	0.020006060216659217	0.00947974990328792
133	133	F	0.01767504028314436	0.006881233161365023
134	134	T	0.015069518932987922	0.007602629416983516
135	135	I	0.020176557709512422	0.011129245363549433
136	136	K	0.030025624445784237	0.016938949072418965
137	137	G	0.02609614914677168	0.012777545542594682
138	138	S	0.023317825530617352	0.00969528024308678
139	139	F	0.023838161693352393	0.012607630655516235
140	140	L	0.03260502320277816	0.010804216716725925
141	141	N	0.05086407231440964	0.0176074821623168
142	142	G	0.025911446507575275	0.007115802532357086
143	143	S	0.012846471166533683	0.002183370858934844
144	144	C	0.016015476409846092	0.004654766928072673
145	145	G	0.012223231011238674	0.004490202951326327
146	146	S	0.006373792327011017	0.0016403947111003551
147	147	V	0.008409463194822608	0.0035816317253025516
148	148	G	0.010536093050931323	0.005643341950928769
149	149	F	0.00989931789070516	0.0049843278979875205
150	150	N	0.013856373625772233	0.0058294702018600476
151	151	I	0.016713964861423156	0.0031676652102703914
152	152	D	0.05709084076022416	0.0014151349236838512
153	153	Y	0.2699233748504277	0.03165948629815908
154	154	D	0.11065950896691545	0.011153075338662308
155	155	C	0.022704310683191568	0.003446048343366929
156	156	V	0.01264108139105978	0.005511607040441317
157	157	S	0.01031352297804007	0.004006078535654411
158	158	F	0.008367001627752417	0.003571140462309103
159	159	C	0.010521499890641302	0.006114194508023529
160	160	Y	0.00690204440439685	0.0024241982464707473
161	161	M	0.005412880853086435	0.001922835208393599
162	162	H	0.006446942251707621	0.001321630040020049
163	163	H	0.012845155344396838	0.004133785979515098
164	164	M	0.10503968140581582	0.040458919848385934
165	165	E	0.0314005792681241	0.011347292714641988
166	166	L	0.053421681725798864	0.02221547416337311
167	167	P	0.1442005435980219	0.0775084693291824
168	168	T	0.1288389161215321	0.07378248913414599
169	169	G	0.09528241531933924	0.05942569024988696
170	170	V	0.03035175790452007	0.015652377358031832
171	171	H	0.017780893110171222	0.009779244167430402
172	172	A	0.014863673550295595	0.008190011776702824
173	173	G	0.008965977682339804	0.002172729175064225
174	174	T	0.0066566609874394445	0.002247337653141187
175	175	D	0.009503146896765022	0.0032811569026472724
176	176	L	0.009442683347625084	0.0034730541291789776
177	177	E	0.01559223544519535	0.004743885326317009
178	178	G	0.013393964488435816	0.0037119941850592207
179	179	N	0.009593828902436315	0.00394004387409034
180	180	F	0.00869678337835419	0.0031083949320481427
181	181	Y	0.013033649149230539	0.0066526238281039785
182	182	G	0.049617699273259305	0.03395266930493647
183	183	P	0.020249981413013665	0.012028993702164014
184	184	F	0.025455987912959433	0.016149887798419867
185	185	V	0.027139408096206085	0.012155531620682792
186	186	D	0.01646045540640495	0.00462690307479718
187	187	R	0.0467709608498351	0.03017767033392252
188	188	Q	0.09438852836682085	0.06150706546723074
189	189	T	0.10598247151111741	0.07103501828596787
190	190	A	0.32222305979162075	0.2052653589121636
191	191	Q	0.058712414282141016	0.032760067768131985
192	192	A	0.1154384422332497	0.06098341215992234
193	193	A	0.0999247723937926	0.05848100036696806
194	194	G	0.0867484075670437	0.051244781127778714
195	195	T	0.13392612696983666	0.10173992680800542
196	196	D	0.14825830549549446	0.10112323004128587
197	197	T	0.0438882154367819	0.02687425647229644
198	198	T	0.029563253890008096	0.02127963899997961
199	199	I	0.02259078022583546	0.015871304284447607
200	200	T	0.014182763065206001	0.009546195788903845
201	201	V	0.012744871471679936	0.008917984891374305
202	202	N	0.013453163283539944	0.009460351979133485
203	203	V	0.012999624120886417	0.010017331446002397
204	204	L	0.01153426660226328	0.008198254788067454
205	205	A	0.014612185051236582	0.009824295005554914
206	206	W	0.01653915589012055	0.01177404055003053
207	207	L	0.013000356283918426	0.008059145369993444
208	208	Y	0.012883447874251762	0.006471404746178086
209	209	A	0.017433995588260417	0.010236760718783565
210	210	A	0.021067463388844992	0.014123838897991988
211	211	V	0.021933049031618676	0.010629728496527912
212	212	I	0.023061403725726574	0.007476921398656007
213	213	N	0.04129881833479933	0.01946033828052551
214	214	G	0.09539561706985467	0.05664481410983811
215	215	D	0.1077011374668084	0.06770816169069968
216	216	R	0.07387759574102407	0.045810104829120506
217	217	W	0.04194462593869059	0.029608619714424658
218	218	F	0.02507636381240541	0.016970549533673385
219	219	L	0.03610026317522206	0.023369700948324836
220	220	N	0.08518883219867932	0.05775303826639726
221	221	R	0.11957474517453227	0.0626905861172616
222	222	F	0.09731525423380845	0.06428816210539391
223	223	T	0.07502085434178266	0.048808601692364305
224	224	T	0.06601597393714406	0.046577197862866355
225	225	T	0.09609177325003405	0.07553502759728678
226	226	L	0.08164168060053016	0.068869265467448
227	227	N	0.048002755186194825	0.03161298848764718
228	228	D	0.04378447013047842	0.027823762216380787
229	229	F	0.037332567282914876	0.027455952545329305
230	230	N	0.040716309406428314	0.02706406858040613
231	231	L	0.06196926143749745	0.04558604684095831
232	232	V	0.06492822790318678	0.046909060291775814
233	233	A	0.07046088745884264	0.04801091638554915
234	234	M	0.06366739428876765	0.03913445064229898
235	235	K	0.03696489639053439	0.017812868343922147
236	236	Y	0.03449899508759496	0.02097477353035583
237	237	N	0.049761771872796644	0.031753732724388466
238	238	Y	0.03661232543949051	0.026318474332172728
239	239	E	0.04709579878379451	0.030399935287777353
240	240	P	0.042452702778932934	0.027998612437888558
241	241	L	0.036838009377009054	0.025290909516886773
242	242	T	0.0513796824578614	0.0322460306180966
243	243	Q	0.05606142916499093	0.03602552414313134
244	244	D	0.05488471682362186	0.03877272031808912
245	245	H	0.031959530024767764	0.021792543072438428
246	246	V	0.030624848365671784	0.01958761606531334
247	247	D	0.039467534602405194	0.02804659398733186
248	248	I	0.029667545476180984	0.021326640379738856
249	249	L	0.018648473517263744	0.011471247213608525
250	250	G	0.02582027917967989	0.007376898456229342
251	251	P	0.03518231903171553	0.00824911377148035
252	252	L	0.01604937223568546	0.004948540246636499
253	253	S	0.01511934374693093	0.0035228022923381895
254	254	A	0.02707158220303564	0.006458715793972651
255	255	Q	0.033409386354243634	0.007287474008682391
256	256	T	0.0238120547647849	0.0074228883769090585
257	257	G	0.03054404531772889	0.010248718350343394
258	258	I	0.0223805990077809	0.011984003117596393
259	259	A	0.022551493971871797	0.012008913039864387
260	260	V	0.02342762103564124	0.014970961403611045
261	261	L	0.032231440231049194	0.022716197223241183
262	262	D	0.036244761102378925	0.02490034292398709
263	263	M	0.025212604877103837	0.018361878662864053
264	264	C	0.030675559019636783	0.02434951047137244
265	265	A	0.04279365663386562	0.0322433492720584
266	266	S	0.03550213975318766	0.024470798495201014
267	267	L	0.02530476214722851	0.018705459344860204
268	268	K	0.028471201524735708	0.02037739638599231
269	269	E	0.029114014264399943	0.01986259536639223
270	270	L	0.03019751587165332	0.01929887393358436
271	271	L	0.03368623851955124	0.0209678044633315
272	272	Q	0.051282979402181475	0.030074639986459723
273	273	N	0.07028376789086986	0.036175871653917
274	274	G	0.0669514568025475	0.03316296485825886
275	275	M	0.08825277521919454	0.05556556836006153
276	276	N	0.08351029447505456	0.053543539309063054
277	277	G	0.11479411116146762	0.0813353804101332
278	278	R	0.06557512174253563	0.048342234459596976
279	279	T	0.03930252775781757	0.02905335709794159
280	280	I	0.026818821895698577	0.018231780130114866
281	281	L	0.029084238565771494	0.018400716890700802
282	282	G	0.04917107162773965	0.02857757173451795
283	283	S	0.039755590726972524	0.026600752445170905
284	284	A	0.045816811090549255	0.032318586754439944
285	285	L	0.03835650660646371	0.024829384585505206
286	286	L	0.03209856878137804	0.024696270461485325
287	287	E	0.028131346653601143	0.02091699937425489
288	288	D	0.020570584001184448	0.015088020933693956
289	289	E	0.03027099655405965	0.021331004726297235
290	290	F	0.018506970622922544	0.012935609444734155
291	291	T	0.01519154072930384	0.009065678295415984
292	292	P	0.009985106367953534	0.0040363486919128755
293	293	F	0.017417008420569008	0.009266182801439999
294	294	D	0.019546130944945925	0.012327759603143766
295	295	V	0.014366005285129132	0.007933825071085322
296	296	V	0.014969893923687696	0.006880242361442109
297	297	R	0.02684050144661224	0.015037577558828709
298	298	Q	0.04691358849533757	0.02556594895281922
299	299	C	0.057008734512814775	0.027744343464770796
300	300	S	0.22586565349745763	0.09376434538963896
301	301	G	0.0	0.0
