Index	ANM fluctuations	Effectiveness	Sensitivity	Stiffness
0	0.09827920349032981	0.19478615357933848	1.5234287817316112	0.6258526960328068
1	0.083250262990338	0.2625072424815972	1.333402854356955	0.6196842135410259
2	0.050312827406125846	0.4033792578757055	0.8039387680946312	0.6177362320479476
3	0.04858605864037195	0.43605200820448364	0.7983426063569655	0.600717069394207
4	0.035533192836715105	0.619013147123189	0.5969480598058551	0.6176904534173333
5	0.0347841295585994	0.6222328558842067	0.6198607062969343	0.6441707183230955
6	0.03268609257639977	0.6923456042335304	0.6059015645801268	0.7013523444315903
7	0.03363443710031464	0.5679005547469648	0.6165913844127872	0.7395615645976338
8	0.037054097667981456	0.4427569522851872	0.609025531018393	0.7370897988155369
9	0.032373601880728985	0.5539342918502238	0.50662336032744	0.7725894414507773
10	0.037866491453111176	0.4395091702221611	0.5472401517392029	0.7818057261432066
11	0.03411147831015753	0.4896566367785825	0.4785289528892736	0.7862971320734644
12	0.02208218390837985	0.8147106829038522	0.32126251397569755	0.7952704134799748
13	0.024852479476271987	0.7698762699415773	0.3634264048580227	0.7899322411375596
14	0.029297459334978508	0.629874153546235	0.40668481335140316	0.8027955709115853
15	0.018319583056490105	1.012760266285945	0.24847329860129624	0.8027991061866251
16	0.01413814967969477	1.453936743502727	0.1970538436144421	0.8114520393968115
17	0.015429102909381237	1.4949317753664493	0.23406999741918946	0.8177216784542741
18	0.016194933699841155	1.5718034992492325	0.2776310853012613	0.8135464980989179
19	0.014490339896453337	1.707330848200075	0.25790696657642165	0.8081495056707084
20	0.026669318593207533	0.9281815385127998	0.4880564767179123	0.8091466906444985
21	0.03464927884221661	0.6762089322623623	0.6191238127313035	0.8119558114659047
22	0.06086714096631854	0.3727560977526846	1.0518524960800233	0.8243820044448762
23	0.06835189693153337	0.35595646571227907	1.1028086382299807	0.8433866571409706
24	0.035181246427076165	0.7494433034732932	0.5813591475013035	0.828023992468054
25	0.0222367712658712	1.254654677853348	0.4095820671381155	0.8000823288251433
26	0.0114316365805237	2.3514616698138724	0.20115304162111564	0.8004649090961335
27	0.007561449776633761	3.1560635504425596	0.11731072338690916	0.8058669229577664
28	0.004629141266115324	3.736378516967567	0.056919180633166644	0.7972891230505703
29	0.007891151745621822	2.320398107872395	0.10061104585299044	0.8048567337919543
30	0.015619369496182669	1.3605608369887658	0.22586131172387533	0.7989895735910856
31	0.02444516165984982	0.9589130185907121	0.37819762056055106	0.7864854386848528
32	0.04217034921872502	0.5696156030441216	0.6766269209982286	0.7901434887502231
33	0.04916163220222801	0.4615586688522353	0.7988527779674569	0.8213276223074801
34	0.027755996461388675	0.8917735723232375	0.48014573395396176	0.7978569017826231
35	0.013384925363074892	1.815437859291667	0.22062745263613429	0.7925154761841847
36	0.0071787299986958465	3.280842435798594	0.11363209093889241	0.7816234196175177
37	0.0028554993933837983	4.675215770931651	0.03165646684236131	0.7740252432949851
38	0.0036918517525994787	4.437300195591764	0.036003123760717314	0.7783600389458722
39	0.009834697723119564	2.3318598506287884	0.13594503360116564	0.7685271391673915
40	0.012665363750268737	1.6381540819389284	0.15985514237833115	0.7800241457434507
41	0.012660625295351273	1.8586911602080833	0.1933410314064434	0.802159350331732
42	0.025383787055598624	0.848559256020173	0.39929363560737563	0.795706758874821
43	0.03547916201721848	0.5536225552439531	0.4854634644691324	0.8120442575717041
44	0.06024142953254706	0.3495055403615314	0.8369887123620315	0.8404232683853229
45	0.07839499331268808	0.2546338888624806	0.993825073855244	0.8581974254411007
46	0.13543933551947196	0.09992967367879968	1.389788778026254	0.8917839007896424
47	0.07628121216962222	0.20303954834666396	0.8618145394288345	0.8235962448898743
48	0.059400521682402375	0.26807370770146083	0.6595399249501848	0.8130352929727648
49	0.09144294827559468	0.14465921526574782	0.9217766471735784	0.8079127263062896
50	0.09138140795599348	0.14423662458788	0.907676968291334	0.8049002257866554
51	0.0629966148550929	0.24297024562114258	0.6942680696777552	0.7866389965186295
52	0.07694712087942071	0.22345654278665264	0.9216853686078773	0.78495051986064
53	0.04762611243807575	0.42088398544477723	0.636517266148819	0.7722106686856309
54	0.07351096546922106	0.2990682590400847	1.0758988244052599	0.7608526527473491
55	0.09682500101669533	0.1939948732273319	1.3390119746340536	0.7628132860238919
56	0.06089410649081877	0.3186404760745796	0.9081274043477677	0.7687667539598697
57	0.05046430843458234	0.44756422529727224	0.8545646816742561	0.7625591106415756
58	0.09041433205238854	0.23650881194395956	1.528763492916457	0.761838060076063
59	0.09770537013709765	0.19917631297068256	1.665699710160887	0.7593408966109823
60	0.06784761520159496	0.3117413225326371	1.2401973651426592	0.7643660474918322
61	0.08191531678199457	0.25309131840015	1.5262609288529976	0.7707867458170459
62	0.0652360567492535	0.32722967436300776	1.2183557026203307	0.7863766602398933
63	0.08013686174180185	0.2534537582500648	1.4578620646761506	0.795511956648788
64	0.061514195168703406	0.34329336675636757	1.137045779762675	0.7909927344983135
65	0.036620473987829354	0.6087099645743109	0.6823528085986453	0.7947728598048722
66	0.04288217117973144	0.5134961360998996	0.7693522294023729	0.8236544586034832
67	0.028933600287996263	0.7908519766719273	0.501572634661117	0.8216745148652125
68	0.036575688672906795	0.6398424370998387	0.6089845832482988	0.8244793393300739
69	0.03446727821992357	0.6708668454116242	0.5372277915011151	0.8241526096803218
70	0.05040747298780803	0.48884320004995147	0.8079253824154857	0.8207307109711917
71	0.08492868764789911	0.2751618202617988	1.3301971920207223	0.8391130969129362
72	0.07173860694032347	0.3103445667379166	1.1226752647906861	0.8325408410080828
73	0.06401042560632775	0.3406397663746041	1.0422636712172209	0.8276075448533416
74	0.04871966673612731	0.4399490143584682	0.8039407017411517	0.8191261375187161
75	0.06374306564992727	0.3285087591363188	1.0873794053913624	0.8104818455221965
76	0.050907671731597555	0.42756551914707486	0.9155775634259122	0.8002420462949158
77	0.0769778638953317	0.27892064067130296	1.3854410015779648	0.8074979328506056
78	0.06693319165154556	0.3495347858191016	1.252370746076275	0.7963464674082545
79	0.04462427121246418	0.574154196158277	0.8507646368864448	0.7832178525608273
80	0.04794121152859082	0.5628214883969167	0.8727256651704063	0.7709642314699597
81	0.03466698686110694	0.7774384025563357	0.5956301936432565	0.7704815748131846
82	0.034610270862877594	0.8016025910571039	0.6121918502235122	0.7737868907052959
83	0.029252862336305738	0.9353965885536124	0.4919777975187105	0.7632526085071033
84	0.015800878352700706	1.5926678592130668	0.23416048518526072	0.7685156968291607
85	0.009913578179599867	2.660648277834495	0.15842998722761534	0.7665740968502774
86	0.013215200400827175	2.0931092964016735	0.23157080862058346	0.7693972017718285
87	0.020345565406456365	1.352420956731451	0.37874725282374977	0.787006089611915
88	0.025423484250616343	1.0055256460065085	0.4764148415630541	0.7970917741212149
89	0.046542484001169254	0.5065428298408882	0.8384516472045638	0.8111157815221224
90	0.04888680831984968	0.4521584622009912	0.837389245169747	0.8095648336989281
91	0.07853089377566921	0.2657588061136811	1.2912021097012814	0.8197596367757771
92	0.06772191422933047	0.3125052482767455	1.0658313905595875	0.8157659640960863
93	0.0597471714712271	0.3631872143029492	0.9206694732521425	0.8063453792413194
94	0.04368936605661664	0.47653391157738184	0.6407089899776006	0.8142457850740292
95	0.06122838062039488	0.3251682565031124	0.8776480907671602	0.8058296481923081
96	0.048414465596539114	0.3789817125273868	0.6681914317460625	0.7987503138287207
97	0.03913268241015661	0.4982304150885519	0.5584100092711984	0.7824246297441806
98	0.042746721028415265	0.41816377596074794	0.5983156644307935	0.7561391884619946
99	0.0520637584791038	0.38901706466878666	0.7317548250187077	0.7479659784349239
100	0.038619072949800146	0.6086769262130327	0.5831098267833762	0.752080438446372
101	0.039744944050130744	0.6279445975035097	0.6257956933626564	0.7499067694346893
102	0.027588821734997517	0.964806316384184	0.466585859597794	0.7292394842045933
103	0.03116547879444699	0.837073207173455	0.5076063175957409	0.6917462647667582
104	0.030202028916534458	0.888740362485344	0.5072948240721602	0.6838575117987544
105	0.029341039415539612	0.8708119612845846	0.5052351142533252	0.6824573899111853
106	0.030767947507134862	0.7549047312260642	0.5365135974925143	0.6537187041839405
107	0.033867858239784436	0.6565514282971776	0.6241386953687765	0.7041391336474738
108	0.03255263748089671	0.6624687989513954	0.5758091445312012	0.748441689487142
109	0.03229786209174227	0.7247981676088645	0.6087994723505008	0.7299366355161214
110	0.031602914345545366	0.7397358747594069	0.6171833100251091	0.8402813005921842
111	0.02907141907086047	0.8050288366187851	0.5624681388952593	0.8283072649306555
112	0.02719064539452945	0.8528336282955506	0.5122914952299664	0.8008444406244435
113	0.02279087186951411	1.0850415836822322	0.41509695897809673	0.7949356338322968
114	0.020755550221339174	1.1800914692798734	0.3564150650722171	0.7757114957090966
115	0.022189293714399528	1.2894230482464983	0.3893055527831536	0.7734624936745486
116	0.01979459803393203	1.4608357830239256	0.3431591067400305	0.7835642866787108
117	0.025000181208054167	1.188918061687598	0.46384481987280063	0.7800789431373397
118	0.02688244065847866	1.0596950532047933	0.49812170910752607	0.7982542910199631
119	0.018695942705142753	1.4232104855773051	0.31550017299203986	0.8063942640287768
120	0.029545519442082495	0.9161546558892312	0.5023072061386911	0.7989835434476515
121	0.026782457560596006	1.006624168399683	0.44970865336269017	0.7800957026960508
122	0.03693782293896489	0.7802688240703268	0.6481442477577203	0.7472227964894235
123	0.03456663508999763	0.7873667878515924	0.5927857195679005	0.7239840543213149
124	0.03142689424356918	0.7898469283989558	0.5449516578905907	0.7296171083515132
125	0.032333867661825284	0.8207236931868215	0.5792182281639728	0.6933386418974911
126	0.03108966017282951	0.7899763876973233	0.5846426413965383	0.7228116410888342
127	0.030072338582416588	0.8140582270706012	0.5757136112670808	0.7690135976280882
128	0.0326822411422392	0.7084706791959839	0.6381070064924494	0.8590316403988928
129	0.032585290700597895	0.7017531190522751	0.6354074722268063	0.8213427776018255
130	0.03811294338750665	0.5576735707876763	0.7258418407315783	0.805401077082426
131	0.03934972843360774	0.5127047019470636	0.7102925625967653	0.735754915835712
132	0.0463096514952338	0.38905087210486544	0.8222349988292477	0.7545353899565446
133	0.036346604131832216	0.5467610707363273	0.6579905313525912	0.7504730784385949
134	0.033986139236473506	0.6286044245907704	0.6219182637189716	0.768659858262144
135	0.03115955117741257	0.7660667427694529	0.5858869674280909	0.7549507653427971
136	0.034398949209683276	0.7476819080773517	0.6132606691348798	0.6958912001618025
137	0.03280535800623653	0.8386162070903483	0.5934121346303484	0.7384848624081576
138	0.03986342319590677	0.724354244627392	0.709834070609065	0.7394743719059215
139	0.030495078329295697	0.9602236613743452	0.5308905074149446	0.7496294157272082
140	0.036249320832574386	0.8164107264234091	0.627572982416883	0.7399678448457596
141	0.03256335061563525	0.9495903626095447	0.6165876050686369	0.7597014942069469
142	0.02297192532990302	1.3049423380079208	0.43692041876964843	0.7817037481957531
143	0.016102255478287163	1.888038244667205	0.2828236734061085	0.7685542175229497
144	0.008869619450446906	3.3583950895107715	0.1411643084174829	0.7929498628977697
145	0.004554437425575191	4.800606350139187	0.05635516179807258	0.807099970242115
146	0.00939839979194612	2.8171433894777023	0.14810102615203438	0.8036576333096876
147	0.011152725024428323	2.0797795881406413	0.1819083732984122	0.8531113257541582
148	0.01806272778076072	1.3051580131859621	0.3259516493230615	0.8640614747982709
149	0.0225969296710004	0.9977569025696476	0.39902414335241027	0.791837944544612
150	0.02929041369922807	0.7560562512827398	0.5265687109910597	0.7172892679248991
151	0.037002055429424766	0.5400032698033521	0.6066640080311371	0.7014069903152388
152	0.04319937644617897	0.44242985549557107	0.6567002418971462	0.6689499436073215
153	0.06832989103683924	0.1851319074408006	0.9029269670576477	0.7115273445376357
154	0.06425350728083455	0.24029040922062286	0.863632417796583	0.7255493447230303
155	0.056133141223719846	0.3580601788238895	0.805467534598321	0.7380144336104698
156	0.0355315274367762	0.6047104783215732	0.5423855434697734	0.7420166675943514
157	0.031569032764798	0.7554296817482985	0.5172748299441382	0.7387483812282368
158	0.020397037509015635	1.1987370641350374	0.3414430048538948	0.7639220187045794
159	0.020765200238408287	1.2103780800096937	0.36608896267045016	0.7526850376385305
160	0.015653903416212877	1.5329072278218103	0.2774003361882786	0.8007652458142277
161	0.009061358013402127	2.5658101410199206	0.14375451305010328	0.8202843463791647
162	0.010367159583764936	2.496860839360233	0.1671085204171731	0.8086347583386954
163	0.010801076113682773	2.270260854988399	0.15892374367616693	0.7831526006922161
164	0.020391794495926225	1.2267644769778503	0.3236412479974872	0.7683848936320815
165	0.03360370030779835	0.7461924239381993	0.5379687294370304	0.7496056250041222
166	0.0459287127807728	0.47788278641132015	0.7066652586459649	0.7364185959483208
167	0.07026877107683963	0.2987041315106228	0.9871787252249636	0.7244815366100051
168	0.0741191471379476	0.290242772317773	1.0673408181108526	0.6994359620077929
169	0.06204598032376352	0.3855964295054343	0.9454363153339697	0.7145631451488327
170	0.042067942514159226	0.5793880604277495	0.7025490094405498	0.7149358959200379
171	0.029655249690633573	0.8257871060018002	0.512796426376762	0.7550641919538242
172	0.02347993275528861	0.9425029467929724	0.40276952732218485	0.7733248704224942
173	0.015446797291347361	1.422355932811775	0.2569635987327188	0.774708822825245
174	0.01527927826827873	1.4759304805078395	0.2513726034680042	0.7395601904856675
175	0.017810258974338807	1.402058081043101	0.3029821364494785	0.7301905809970312
176	0.014388707356892237	1.8170294453907079	0.24583008012046653	0.7481297005958913
177	0.02338438046819786	1.1421167748506602	0.4256899435341772	0.7504914075873209
178	0.016988809327748926	1.4897932203797437	0.28479548511970026	0.751304129929475
179	0.024296253093619956	0.9934986169161413	0.4009047995303463	0.7226984310190677
180	0.023195275470418837	0.9039059194357483	0.3761916481817393	0.7240973499041042
181	0.028451359414236634	0.7334234002601631	0.4891631659275234	0.7094147453293176
182	0.03818290770550635	0.4778354920413261	0.6334556972503593	0.7128315029425365
183	0.049203243429717616	0.3353365677874886	0.7431648204903334	0.7330323388741363
184	0.03801558667776262	0.455086952439341	0.55889768727386	0.7705578559605726
185	0.03213507368472773	0.582329335085766	0.4439761419593186	0.7778448218904365
186	0.0224014213194883	0.8394154134577779	0.2886037067406393	0.7695533400029887
187	0.03650240339026681	0.4794592290944599	0.4526895648421668	0.7697331560425881
188	0.05006777227692833	0.38148227146603547	0.6522581494122667	0.792896717184878
189	0.0846347339053182	0.17108856654577104	1.0281321662952987	0.7777792555222256
190	0.09552501340068889	0.14250097074865004	1.1173866179982375	0.790169486084697
191	0.0686096706138412	0.20833668234270475	0.9086834972476381	0.7625625774682688
192	0.06514595719350609	0.23469377252446885	0.9342522696082448	0.7407574198313841
193	0.058258785823755176	0.28478120474650254	0.911935314193845	0.7405996873025823
194	0.07112992224127314	0.19735520092860842	1.1024295177589145	0.7409976572871253
195	0.07738190541279952	0.18314794465820544	1.1711287591810626	0.7185640731807075
196	0.048697616597969	0.36370933330244104	0.8414229046702281	0.6911896448067758
197	0.04263913333065641	0.4052441398134933	0.6493945997117488	0.704203871700402
198	0.028688711191277257	0.6043868178536501	0.39102409941400496	0.7162786007700147
199	0.02330198203323177	0.7292446530551548	0.32358262299064783	0.7776104667608884
200	0.015216817062666041	1.1220348750715243	0.17351457129636275	0.7744250102340007
201	0.015105597408184948	1.7300130803347278	0.20383451513882725	0.7487643385012205
202	0.012210217040488608	1.4291862647285931	0.15083659512575875	0.8048559299098864
203	0.007169883585723004	1.8333594823665056	0.06171009858849247	0.7657714086573427
204	0.005696049734829973	1.8973103783738623	0.056886036657251005	0.7814215545936828
205	0.009163972515881337	1.9584820579771292	0.11237346080240293	0.7494191802575765
206	0.010071277319529417	1.8213066818752102	0.12339228236588641	0.7267345711859933
207	0.01114832651445647	2.161836214055072	0.16429047555671164	0.7249302058451924
208	0.01618530872394237	1.2387497007547439	0.2455166558265679	0.7074588974635165
209	0.021559733868868235	0.8631127352081562	0.3152406044136829	0.6792505591333379
210	0.03169719970754958	0.7642792110238446	0.5076724705564543	0.6774324622374323
211	0.04072319286292904	0.532625576526551	0.6591685304949739	0.6893113067380858
212	0.047924906710942364	0.3989365959095831	0.7452044596273293	0.655400971829348
213	0.06139695125181445	0.33370410618143326	0.9669530855051668	0.6426475876597642
214	0.08313284883447826	0.25942084020263567	1.3445165063988125	0.6574883254284988
215	0.07501144417866928	0.3303334626479689	1.2460973600602823	0.6781569763358917
216	0.07664355930943464	0.3233969590534376	1.284690086105694	0.7033708280302424
217	0.10442983426190933	0.24403637748334284	1.751953959709329	0.7130328584830863
218	0.06897955787613674	0.3953679793753014	1.179430127589657	0.7275957721934865
219	0.06315581857560108	0.40483115777404555	1.0923911806434534	0.7396595687918953
220	0.09134050586619287	0.272697342513536	1.5790951770801147	0.7546478982307683
221	0.1299368858908513	0.18529728360281789	2.1852196978268985	0.7604954489092504
222	0.10993940328995612	0.22235947921471508	1.8869567449915812	0.7770185422892795
223	0.0931588340556039	0.2707046766861464	1.6143967121809184	0.7755647323849522
224	0.09116819682491623	0.28418327433235047	1.5552939789339189	0.7611264030630954
225	0.11364566414753763	0.23799947621546022	1.9068888173555028	0.7405197476820944
226	0.08947735117896383	0.31366331781719814	1.4770371718878867	0.7319464569898768
227	0.1195575568264171	0.2186881757058488	1.8881919607658004	0.7355539723267015
228	0.1055878226844304	0.2296925612022361	1.6893445369127276	0.7356463162428665
229	0.06166956629016212	0.39303130859228397	0.970633512550626	0.7529844519253001
230	0.07084389238084984	0.32964324888903623	1.0411791302338282	0.7491809286011447
231	0.10381471314921864	0.20600438493445852	1.525119484459997	0.7399078125390152
232	0.07711983022780221	0.26802352006972957	1.1506715539908463	0.7365064129519273
233	0.05055343225339757	0.38759501076311925	0.6961569528729348	0.7482574803122376
234	0.07437149969124635	0.24449383905215183	1.0016144515905714	0.7406889002023918
235	0.09702917291160575	0.18483463824002552	1.3558692614368772	0.7069209699061315
236	0.07109749268852061	0.2777334744648751	0.9843462382709656	0.7088564372528138
237	0.06438925608193079	0.26013206290205343	0.8476009880642827	0.715411597784933
238	0.0387517143328003	0.42599759113894087	0.49050927150739465	0.7483199029714177
239	0.03798766540487173	0.4962540507841692	0.5194540835924122	0.7287835788694217
240	0.05160939567993092	0.47143950719678557	0.7611068113053124	0.7211517760362275
241	0.04476656461705536	0.6067823076155582	0.6836465214429985	0.7230135503081871
242	0.07544892192320576	0.393139896496873	1.2507772554914078	0.6916774098428664
243	0.11714262476074136	0.2508345570963481	1.973234688618787	0.7216455771563521
244	0.08876343054067976	0.3525889299502061	1.5597827151253953	0.6625505631184765
245	0.04949726851956293	0.633765896217083	0.8456801542664837	0.6789312615095372
246	0.0643282010247737	0.4737130733338459	1.11792409261519	0.705497479604267
247	0.10036223835597739	0.3009455816261459	1.7509835701398855	0.6903843941052541
248	0.06239731974679366	0.5003685883792951	1.0939204809080658	0.6577184413466081
249	0.04013394059750086	0.7681971342911915	0.6936517085877486	0.6850252808104718
250	0.07524258372723734	0.40483570310609573	1.3227835550720874	0.6727906520274421
251	0.07509260026894038	0.39394299504207425	1.2889196688320639	0.6535254875248663
252	0.04253149061363821	0.6336869398368636	0.7059893273200594	0.6723945059952544
253	0.05429186304673274	0.5148031908911753	0.9317802823020357	0.6864372612923099
254	0.09276110361694082	0.2947890130667061	1.5778755963834081	0.6689354732524029
255	0.07896572659496813	0.30623758022471936	1.29690257252102	0.6518114425426788
256	0.06510516529791535	0.354424184261103	1.0614669185830206	0.6804913582459057
257	0.0919557367484618	0.2723277227464029	1.5320882577222739	0.6946707113984092
258	0.0605852628283797	0.4243580087926452	1.0377710208817494	0.716983265725559
259	0.0674452175000065	0.4149595397396715	1.1870868431816877	0.7162870799357737
260	0.04393443673445431	0.6630270863749312	0.7707290984595049	0.7307590611470657
261	0.05553403578959737	0.5093264982622385	0.9728880341928026	0.7415771351082554
262	0.05464801373964815	0.4851077167086421	0.9676616599355803	0.7567681809085877
263	0.026455576059861395	1.0423720058039856	0.4627465108257845	0.7636326813156178
264	0.02718885515556833	0.9907258762451604	0.45903671253389455	0.7748175730881844
265	0.04732974464320623	0.5525744376049891	0.8228863381326197	0.7726786076650506
266	0.03881161353318303	0.7234249805403791	0.6756122508331897	0.7584410452270162
267	0.024550919538582256	1.1829281708209785	0.3957700866453306	0.7626247440919223
268	0.043354764555182515	0.5955724689470623	0.7116940718928289	0.7524892351663408
269	0.06977043465462009	0.40624473449023496	1.1683034008097122	0.7495717016239226
270	0.05867154892746468	0.5099839683303651	0.9771455137496478	0.7289774488810626
271	0.062072443251312136	0.46061915911550133	0.9811910917013537	0.7334201685499987
272	0.10537740014714053	0.2687761542333319	1.6891529640674554	0.7417803336130467
273	0.13949983045654452	0.19981098060915045	2.227108877165423	0.7405222290383202
274	0.13240547364306549	0.20731775037008554	2.0723857582778855	0.7221619317987874
275	0.13307232315483852	0.21175356366165882	2.170269914360517	0.7030447160529938
276	0.22951573999193792	0.11147590877626236	3.6171323700712965	0.7092108065118081
277	0.30506438800784585	0.07255935601668013	4.520074252156931	0.7222467524609569
278	0.17052589896221312	0.16644265470700867	2.8357163116851605	0.6837320859898823
279	0.11567287984775261	0.25537256203645353	1.9430957052345101	0.6710600139927053
280	0.06244189258075778	0.4843922369697352	1.0549485734859378	0.6672117128234095
281	0.05815974368484371	0.5040078885799224	0.967548936440714	0.6412212276013995
282	0.09764068469254453	0.30778593061122433	1.6457481857156286	0.6299011887092004
283	0.09406776424486024	0.3052194377354638	1.5307271371122841	0.66156589251377
284	0.12390259678992019	0.22243616159175408	1.9828793113515069	0.6797591154890908
285	0.08088061853493222	0.32559165794647943	1.2544173978773985	0.694752727265532
286	0.03553160885541516	0.7520441858518477	0.5306459723113252	0.7023160638728815
287	0.022204722199912603	1.2057542890488184	0.3268294491032069	0.658660746668545
288	0.018729762287852527	1.0242629958562286	0.2641117274088598	0.712793928452877
289	0.026980654562035394	0.745813058651609	0.44893102621979813	0.740176175415377
290	0.02203882998972919	0.854065845515356	0.34613258080806353	0.7727045420067942
291	0.022626111156600206	0.920692494001723	0.3591882759258045	0.7566624745987559
292	0.024793660271791754	1.0271051018625779	0.3934309508809743	0.6915210055639393
293	0.03412571364368917	0.7250618521378388	0.5758463232245948	0.6447137462607835
294	0.030556974087737027	0.6604402859358777	0.5158130078226161	0.7093693313989425
295	0.026631915603897535	0.6893766247031513	0.4041539092626594	0.7054991630471384
296	0.04304031560563535	0.4840801910228403	0.6827626250332036	0.6476550057865005
297	0.04653277778029124	0.40921561075860713	0.7755253501777251	0.6544237436455882
298	0.04562800457665038	0.38209262184290216	0.7413292278174514	0.6774305151768188
299	0.05564455145383011	0.31850845762528396	0.8453105084987302	0.6468367708513874
300	0.08258224856527134	0.23058875467988213	1.2694655594676791	0.6351117026945189
301	0.06509764147733849	0.24582562319227558	1.0847230628141182	0.6647452460601978
